3111888413843077643078320102347536172919877564941372560472480095737864238178884893098641564479090362454251796312160521814261586433391901328663950951418801342239946839914834678609241611105536909086473741998120488207509518329387994783386374103760081207007550676623651774507919062798982386509177940603432443932614315841994394573948188073570815667328751925453747578601555693304652233212143517819536955411
446404904516172668870593101678242368666644671974074322937350691103785882030230057717100667900683508022404725145582136527045259687097394032123957159521267663167683296333038210857217697391623543523365237506946508217633637906696084332492618135423953530110321672456249728462916148469105240969219615751498466312869099907153809847960022220881496611747221018457
3386898853068360440980550251712819749214102257583491260556863933252248537760067623502566901250705504026584295966128981854504170704394499554526842391632299712299290722642210464275207117101328290728272628325822408205615855767513672251633644672194052841864004105434532223831256164892343048576276074440897759444533026266865511969273793026809190715120182902475876961056573934156780181311
321706081543664256398158845942301820521269885744744093269495743819385038622945029985419467511087266873554062677861192839973140981485774125936070735299499765941334782836516120491583585670111629616896851518367385800848942042835810827072824320858858063386039485367582619251549771706836891462879293
15487214213971225072025462936157597514722615988074129744611628433552423924138877215836536786491120478772358562978332988463430249210526017748976276245595495882917120498804231020482820396947664156106780118560881428008021153875851120275581011566368688990043577250419759404661620573814611974207
659624917457131070330782046091514606370624342246797907135030206882075298866298074220615426581347342087400327093358694591893992636890689308999883898771610535680801415483145588192839972784120911147718981560753245225026638980556611837788136386613384346890748071447828143407301977460158558005125230571492104226243781038348793455607657411013648850296318980619534982287531
1345270586861991994429997376187215972192420823431696898520855754601779313553791835400125387175729916739987450802462824350947949280122466070543623286174082675598462224748806362897129444655280093956642012235196489360142268137418920098327568853695585206145247993245434341333726251709484458583530959892486506136889504372204175119587658142045143155865315172947710850756660585515830714052223619271222792189
25928481065721157933832370799019548312246542434273609905614158574220142518033472395639732673967071124598969020698096059398509926656543901184903314411612894868169992491721580644002988666158930552787505721160334035703007326497065437142984074746267233638723998726811872764604348629239565795330192543055706901920779432427561521642750845112788652452356643237738459028143
1423551802905627126035192393579978464923554383669535587001074859391845792074293485235869793119964037754634960026817292520714329727166173420909666918932054445945699340166701242795326907902380548341686480791756357487295035592002401547324166672177401012897256297304661082862426643052683822668502999626838194228817037418560539556521285351081619035538580881174219464531764549862247013440004585816780575369
244416869909655211768658245548075454222499807664800555431296598071905796160298981099867693564671863213892296092375755761399628803982990699902599707282433074522342936459665983629074072822105277354297424159782649682067570805517670254602266677242194447486825691206527205134958877
191642602314035859530372314500317766941891900639851064597006916062677928062589628125750433687596004272056872618747920073613360862097495291249664020111220507881124733952970150110386328796800400616669487735534778629219777289030646408011959594394304894464991020495884721449149096089039411856439200011829530161998507742410138670312105777064210718713541929096555891180955749002546109785476041
2915197045995349758609397239634897369879949137204481868859968561533150127991026140244654262931561423228795717906592759848536417670195911288759241005324551543008750039386661653430288321896010845617657412960169667795309209892388807804786147204314464421765565884355062276792878592649805589997299186254349293269414172753647734545263557883366727276625033276653514855020929186733145077
8859725024636254330351287931436836069219626900296031460903775867748270524663507995521417422328798335885804272066661937062686572072154759072490078864733979076189481036554103239509811193519584927176041058980570346942437166241061477281156619966837825760595879242008193063220528185871054593122077879587206708958285713056403958226119718258829342972671534267634469123665006531424479881
131753132242400421591610844724380699040055775704267009585180923396777742241336834782801827784772220429539026251100574427481880494387454129273058810954949795676199262060872777799072227602589313701318041096557578292544197173668801426142202911052966899815351965146302661166122109027122387876044304279143826928659776157588631542860528712146788373374470856232923796863969354027915770488174853580018597
34102516303551162561704416024560262966769746731419645289585058849480978706054846000971407861028891672621291782410789452170481653366730931378265942100252442448351002178366785313335801068195130702298585384317915515555064731947587808406422378084364263430626599323463347420218070185016305147893111284724628198477290099598215372627
31342456872592020783528837835978908192637234247226008494032013231954869409123511635587832078049524807453386859877488511909320281915085634139725329258495422348781481697530123576809247406981034251250853663990662501543811238007261726219129523
779095729019254540456984350103046890335708550996836078349140746488343039633280243039120682097460386403835669184468522376201078739563382064230199676317689343948211882386262528860102788263244934087519114952194056017770032807892635475026555595136034612410277677489470734726495211095635665639092058181762172064274867313670114899877997085771119328745690521259511451205384857
1488747434024658365112502300905688866899669626775235668478335563863035700492687328316761332387753922549187137879245747961889570738670732856851953360548755349643469636116763631480816395286755361264313819161762597553587051032143260446947221502453907705944834501389710418668711711446379611462735885639976239566526219656040176639891353734795609484297250373757532162534455872426127144955473945540188117174564904971
294127227451322897874152185985964595662683565062903256116054357188350427099442551392678631742188516495854794204246892176959847482477441624834183741824217626757740873906866109783906533383081044042145615565225422221279770970965489263129862394204290831119953982895262850541873617927271482235600972617320450354268698353075585182329690657808370917669588360141677115486048856678182717663114717496965854889721
484388833126662335411663611676459337167709472593151521415526455264500586950356275603602107705676025881291618990589424029123999297894675413359562252490408430340821214688159126435707413146864548352200514357814098271160002168840204863172919953757140350284260847392320717529258737989669045488210840208010262569661469886909273338310775628975973032060659468975768700448986276158207765175007829
845519328081940530350627107175976723256224579862381413912807409450093389416088051637770566471718906020544514879178792425503257230483431272085684698077332514120220754189051645894213178505876815161807590840657388181825417885409386517587151095780872121111656314700486438127562408438701276791746011974747723812562827093647867175675628946258456331802740330391440821619927571071588006485551785039646946490461
60273384815654940463411697293796366786249758054024863369027234428641934210176665144938269097108132208222359346487661206237983875746901098726790942148578602510994610412588231753672057675416245328405290208492194615702109971538756094283797739023418114545513944604041025971054551330469684430865713652547077848879019508224002254638564722559730064620613651417885537424036757888012663426629144204061697721664827
608106330428209204125789518793479158612827548493762086825918132983491446550983658853335598591478434167201578081003534935419697017371729738344113418739159638860237928681953052844950749916017496356170255758127983535516287520213897529134271324046403845215976811468991813258279362566965475703445430180513656095237270180486202276790402379931901846459986648817952304048867598046681
74518403853754692357595515098470191971558300466722271703881862648233008172216584422555920436687183538715022137591884768311515023394931065058894943737337013347648826894524935946967891727516110543514148835844223370752214368798967517245907639555953090429352519965344212821556864253808396618279843184021360389811064313008793462757067990985524653558507109743886979031311444774514271609285416746712709210107895707
385761405923756606113795500019784067783712348755119241330731780704174999856115325825003887919363107399278517249353115348950877153256363043966535923522526852773042984760666604842909922935497165391376872687654142917823148106843388647551078630058946601735327370412541509974610735031514996886264137035766953868620788772666495951579132961772898389967282563818749396832305942315350276312181467
1907588232254744995412569452089864090998428362699452917205714237985418878770857368137863546660040236240268818237276039627946966246480230269285690598316425912726594672261440168788783459791182474467130971071398705969047163982916005755313233698231207658134679079667000489311225203129871720568643552364687477537432436944347119191804466618978879130613698971604100715540851646272770707157720287
1146398325083583931190041695495007392472965257655708410214033301712215014249076893536985834259207033286163299943399175892005294835987295010521185782499846009683832061888370813106161889572508861054682985910259795664378747663572227953223503397741373326571901985457627860892340022004248956959803705219479643249554978741741013574481022674941611127744710471778753983
294447999908541821755303066549643461039967578300686992388231100291258499839574531267304538907464059219759238666748326795966976270080392804559550498963457316366003090735384732094853848539865651322097937177967093891361860431805605108357714190341412063235403548648235461252713262089618477370807273084649
28652276130266243222363885017154772896416424079477645796295414607339192348241200006389183066988303280927614542438231857496229469045692688801507070737740458928374449779994488407439350397066444808773149805364709099339919345713136868810324117302573383930559100753404139641014912912403571089079095839191392541001261673549479866389486632852154954795184685880870364193557268643654892036789220904542113860282414323
102392965417059575014240221970989701827578301971718469287639536332779121797792637606541489714795004225015284073351769604979114439185193225869405593423236342601554771134763259529242416706387393866829241520898902321734832794726718151302242481303434932325123098081073178078884287479061261181471552420048516007381879276864723507238846579078380626734434004979
24072542326026212147745159503661414774944208979750046034849903856407930071224908222690854366125170287788316269664414321942927481611202535563010649824289558833715676949911788632663007567497493588164464195052274658616575075251208723503667083167473186591793291304883186097738640291808726698801209527004250534866347483771273873417465067222910414629292598976394269
39974632967134994256952148254140680724436324851273372814445076941050632681036200942580673860055515375375680248550088847951724730286527945240922332702703611855766759751453038225486970222915845869833546008853711859454812697720301697936038718824220064997227288929645577578549957552467889150409125627299894828314165157579209756574866976555612790038698476417151
97570600930194011427456353324958838046965959787604198658287734959443502431696490392416718790449815336312470310574580937156669851417754674743874519099037419549175374663833137034266302104618997329064693594814141983905468255264441802163824506717
749005807937420929666583354337843879418743622218389679802244165930095113148318197758662526488373574469775903131255687579146675040441829721370865718647999821312235862825666513909312945063956259615155358152549978563385666688108731788251463008337724665769198096784875202149678496364923841456787707878047841230071007248500490815326164377139845374018369712124791413993566656482536860994586405434489
16336899704016467592099468780240025993029395912447584042185073088547937451634835659095857093102216511107080668191150380719349966558413137735692958826130283117540500981167211928912114158294002102008283996888014169647655826214182427587820016452968551770743169495367955084701000647369190414948501356750061392298022359432720343954337084010134574679268789434688454497227791
663521324164471051265114941270855510588782433099461551416191221955317821265375612425867328425643184363834161895399072755056000082419389829252453287680460618189202256145516790245071580120406714354675992417485123245986856541716317193822835682742748908683100955619946879310128566111196807493623995228132491995195744541492766949197691007087449961073679111
43702820461786157554154959945583042517710408982316512324990218681675004648244021349251480778829299352014878527434217250921655140131951724151182113335746114530415386991196276761830453281651986614069512728110032398246300740343354653030705982632481781803136315005367935318350569117736359404175204953767879994798207121146478592259867393518559054006461108126669979
39700469282898073938323111484804372172477412395838847771877329831834783295661358001339290522889270310030580564692839780927702860648211256601212509879178968223916276495218040821098379071135791458564241100007441550649521061169358905119908617310788212829185996304482449904902059989054419385876866799987561398370768583544439740730813844708261654450592052267645575040032620389
229326279759225340223797021956454438918978644007005901326083802720829741529184632162312596351115468376456285861348734856475611007161217270046755035581989290103961783007510537038955588655726500715214580599957447220844904576778436254192289468302541968316975271250924203933782004156834917521336717953391278770926125577588386466078912023136162764666643625705321075279077931934312205025832169941160406967
748944464182240583308388803202036475102465739793683254475176876064821086363592541170729446460708980323640246860611623734411744662331781630631836572776327848697302079623358413649687707182795769856042248322465979125210317973819969738350509537667652150018393434585128102583768791159737265024546377400173075660758080713471606425953749901475096738984179345602278920408103613574859747773573240244393667074027
4730349861444896411779180952148505317927189120924818092690450311635240424749454444522369159537964953944703216583000268289553226643341251549924250216323701569967995528875715147329455822478583927983647704949029979376215765483706490019883553478176597263311170603415793232541228882648057203821148598513287561340590264918723425736270231
42943302717654762960526090144499394014999150336105425085450185400126851378476310034760781399734561366912398081854691446536121018121136822939147165059164623366305662366673654695658284467096485540599129154991190114881790197353400304089089024276241122269096130805004289304904056780956531704445889612964855626239659635336640587061229881702843457889546497978703215724389
5002680263553106551138394605475417433564007427880076832680877369754291059525094471432058939658599890751012303070378853245185898197007686547894700546480520715538481155755340058612706780420527602726252092222387347712588626287778858768910190078803852588200980040676743491904013492902759647012179274298849326999201
687965361169867261282595081209141781693853978280345777039247049760074866143108067294493786967030201929515224749074497577011508926965527105642632930773022264496335178108771099680786712442830774369691216075112815225370452383483223849324536719744501940867468807774267512304869706251959905953107042029843444884868031535525165679
80398009816935259015042861525801233365783918372452983676889419532490248702045110094423713640699367936976358322889667443412087130172708844423635406237461946516059364671518078205685234822758087115922270491947342073161328305598132004407226906135389181361304745458471491389064050259552122773466551475983218696074666896045979919562461778274969530748599565500820608077916272643
438301434559450082545411710392262602938407726774262951017972250125776755945685596783592548967573846200314264035846240083940509802031356469435199689163841792328846198761127244457017859674241581679725583262573330651115696450303760872781309946278429930419677808280105942270020316169636846616467841475349938928852869739301976405003655759361510194998075368083012780642809703531139
162661037136616320136618054019704250754106855544187418280258220103032802233853215094672858540680386936388421627342356357905891783151714882155584728979728025314125327781589581346654992052796834800705191788717723283240784396332003951159489104655582740826605463428377425513297062118021889494503244979652488214926223663274225609180149
131428840930817769156236323120452446261588211057398214486061852786332853872491136290960318528135096554859070704663175240229750862252545643795611579453458199996228081412293785407957264933944689922936881895899071653488215639757746147101550587770696654679731821016894191945107800493205539362022513997447924463066064354575141041872449909009048576857396314215655578086580282205137281393863066813
71252928599535891706213208516030386934581240935825797423087624735942630508812203184842043839666288816584431983501372742249763756895623064685832075756952750848908360340961503689602944259392461366197940910636369174694023075075899465763886096343326774858267483510907646093652019191897320483269422878332021776375449883456746857796029067010060192499522087543119824747094354454696719
66145091445896905161759095808298887137248158016167019645578363547316194647196728046784280316240448817623052529060685378761097268961352480097212663376154135492513426304011438901824650230702482231224728928494202832408363882209057375708663941791289395192938121723201625208659
5152930737226928305258995669975539288200164894102037602301067058923656478870545499109457280408211401361208889748308596351338071918946705216829470169370658734272807258352468296633064866174975164269610171842792752139470859529597043202969524719361918261976881144736256378439569458554606153933960757041756142442218607299162674940965462839655344932531689709
100949177652898818183197194308355405614570655931008622920633977930405296763313874266906811455617179830794574364062659731896057137219499310998396496973567757089534520934072178154315231492320417051252112426946689147852388851126483595495671869974048366499227821269784192334871920989783987621208227151394983273
605932299479712661298861565166637562854390277432854812235762282289475912114012646337689803896084407779258654991387158582148982117388975858444074609848017426404199556763029435044450404231860403339755760065413016518105150676477184455819477432377491916500548827562493981730229954859661832349330092246751591455249515286072656598626021110826983438606584317
6656430780830852386988190544551140598701799794788247620591685944210885624400787510434617802212401891047318412067105579871697301875389134854787927778907744766433420362378778853943863885674594292652470548601775751322142070049735398948203264649727517124488960741383742582827561088883
16914953264692039760997881138991164782585276803467828134142951891170053345221039444340203007453757277146856568193287310377553816058768283423786897095588446806591484547035136981100926121527392592823707996358307952034777920084059593809428144080714487577156389522992207483052896190533682080410307376279910506842451225110046494414682429854401612500317198617266963308263641270817004539
134513002366322707481002933259557354702603311089172602632020782229125247614981807198239194786020844971343098911080255864310593382823407895658481856132641771574348972148539748753345797446951184262638871246484555159661805006862733188055820757054804956854815849162547389689698583633546919883498915258931962229901641486748625352785423290376167697134659173585758308910588836463
8544090155712749092219936394249021158210355061901283736423135162257786341837515822169634159718951383760173929679241400242801122566844186496878576514523665164666585292501160710752530650348497037781943123732747661911756013705530832949269454738084718757905944985837659285817364720574920259126391916503455238131204511734082849
694988796387490923777121715098537777445668651564982694807864388351056741481337888693986785512780039994322453954222329987845468214655842752563484219558838120910500680067925336009936258022675238604335571812212427370565325982283173571648754492682643307536452110940967894325706170949605151265909542592264481626729581119295997767963793657673622396878246459672223
5711552824229396194364631839748889795513581272293107240731045875749653965168620531315400642832769088347894868010426995241997927633303401573506779150064433254431665335256985338424954809090781435316774069871500722009860110557120195478347940319863264247133685150285292862088160714307357121292395639879437031248167526056476082376986215489922820031488253166153346048192858737177732431
102152359470786301906423509303603324794556935780268777120065751920475428483697628920023378210056189018761359585460807601088097865696026849099002647343429292487985795784126531310191149593745559024722290342487820181106020774777561560313
3983879056828728753767793541047577977460065537158039365235984546871263749331228260282336517634059281260388129171373552689107358497276988928416239953417349775522049906743178009254435706074866465976171778425455332180218269326476024576423797465294237704139838996320942618788297024645459390706180821181384552315345352649611352010212357522411780254786204173328051689738673329984937023609365517473
23476002399410913428720223652639739192986419997425135464357253778548931406311715694514127692295728296541047303227690884111809481846886445271427204150303823491479239801745030029404248040072371088997829639561263044078702899113918936325965540880221603103078117873502664662664104347458324917
124642366329615566467063259985009733832049738346126442960827827581042394758689831408021057230718892695114462264574427345272900784137541378927946484275391567644417198378800734200588003127329695160308083735979521805109722177620835074560171200170204470463414351123840070232792310283544620790706755106918453659663570776627897293502923387483954612045711709400247019313427591259328219
96100981611884230297650107342040380774212746008385634051386213051830395697142105274943513579110147304485726571831687379322313065577534510200886020554198662284423222471969556773467215490699219683233411955050829260973408146901463952749933176580403857148341737686676740883956219160840428785057781069816510892787422228199791475283557476681941882642971496369859662986235575204930348944065445191397279
3469529929455772622957446773776778646754549848804841838747872740866612123727103622673453063896122020974706245835133644181251696819244458695894704104762155730597398576779947271834707543763074138923392799551399400878530671985785335242135039925521151500375851700453883751846358257912604572120463315280745724745534838940292318320617691955165075592380418923810357698667401168807898765652164887
33276505209229967000784603258909278427044947394089764135972653588219415877805503874656405468054455358049168461676950994963603938800302031522211538690233656882868269492844288225380397549961380299895860378979037753841098429564855710153937210269551715683575558715720505540607702455566905961436283758386013252972571110305144313068653105003369058498399594502333943646372629
9577902715497226432468552901655121550011249738700152740165570851063915890608201390070056153237086764019486071940326069419421123759232399308257712508790672199135021596955648553000268271032433554707940321681606648857750342115717907496445240834799416427578364700802687566227407587853862571482417689675955598290378189293364972910842313232099807643726046983
88150926981967475434410740753232771419996298756773382134913196724402452375831675960605431257854698516752224464640375528805378112736581391999924688817666545119661362735814797288198718586850827975778638027987002794773096777183350109383930567531223977167022136138795486473547720247487507963652278028734846758847317250502227710594174145402535789437163332645629063576133520624440677812992687
1289572922237175111927065866960608427128874029606390265529022464674595028244640370811437755140320398800301210615458916772475626080964915188184460449590715529007763494105563908597067753938327476480841373289967636193667352856877455026219685367122692894916003317542432958256251790831381753542668084081089005680176588810209260758434515535337630108691142317295684795522996961537
2207221040001443028895618160081615139039477911878483344196795738717947417297117912550915443410767227130311633860871857669959742592243859056938337332513146049111608188290137927914233444330343715811664493955007034775775247408977328869798125323292607075877150636023707238878530005374826878767182552369497274321412072848414937455204771812585760259852754003429733759780803
1092378817527968356445565908832967774579503968500305923098078941969329020706253230377560903944526116528733699880738269849467958718660269471148453409431916774359392463977279054978956051476958281145678430588766829491314840243299166493225626704522841962939157996042084979
808016880681281646695368830161247348200803544795259888987243468846533929996165632544873920058270293172682428168545124401012554981636785939091847422090503423529631485848070576336186824329527286395224565336829170301235434459729873268181219989363576341902421744107820706662065095690296869579
21727617330375723920734087964755748957808753171960430081503199797129732940784129718222500875790363107907955856064178550399688885404281300259879198368276334802256505520601077915266279361720247259371341280206885675098318222299224927043498199824271371781814792621040369325933842232362356120836700531761632147923053450261088039889184550051992700185726353324697310677
14354169741566866174815267796433407774230421665506972384347949828135854276809935321484038520811806636010288584869707069437844654205557961172007217103794095457430176787116481439863369413946644520167972742668716778709005616071119096106015373713166611925002696198076021226619259468227652947889291908058979564900192120480324858710928134983561284503252829889954519018413
41805224251147518670830492597838355121634058510421584980172857232456941116316281928947265668585023815646551503497555786531677421432499433385238253054941527356655227148356301768714921606005815130130842920282520553754705357128341789718021584930577423391526592233460745674748331399626532969832714094823354993932434454603770393580012890119
89567432305122703896991918062354381810368641564924895516556162558741668512770486777270470457785533293232300303604337874891800389083897065175702606241980466933377529566079612927569942404306647587026065388746173417472011013194522664942455478903928512383731691634985576359499508495640048304930925692082796208547900286654392500122463903239496027415833151252942822726548383474334045841
7814142361185881170690077712013652756685793824522244637236824168115364802404287685600852284188193749778352489647056250629343920765896000783211759347484898794264032017793096826236978878820988106078367120052929435527385028189999409112987971543762075606009102177328084241879339060610533800848951580784157011183508563791392123668713727
1095413633932763786777403529486841951621745089616867196658037412282153948997976560171295978314425552802951390178051000250918467714577057339905188533964701333182821440022533606828562141569889349115493475573736360787729426301640773095043200296761416983425550190149797230551888123572692540417380254224589274149247697548712405702119
855095057844273825548159123221043243297280013121241243320853662020073550915646421323011543886742210504077008673069213400141150136321485549585530766183728749292581925998404628640663297190757059252966686539381554624908925756531684480888932865756244097056082627278908263089109980273983172868170265369029117571393186451885292439291010720374874758809751257609440671531
2586653670778278490801546165671757876356847967739343596002835499256314119941909559601427070428706149497240333265512510673002317151472118610746595043508656520620845676873029100142121076239476924882653050107134503520097061417152380857121770559750396129351134367102872262428631848025416780222897
4322985938966326344024710510107519505856958103797236472119712678069206769675178798917514789676277033679311788047270839662959621786350497738267725043682897287024203036019611805111203485003807500355733802153900736737155592841592688627133668740663894814527807760676442903668616762816883387733081674952499895131208699204488032373016860781313160667167717652686015720450479
29740037882706979966881915343573445584518065612924365391419884317046438743428363039379223595110726409376259063197036071060866310073732346245667920286939031973593150276898306795298317925782421395233744912431677377562269754241497979586294094100388402421862646494127846344655359519811432571518813324319799259243417767961835461022099406273588059863090716806342676505552579463967562364282703707956750330481
9533835307863075331255867000948587214577405498368901776327816108061564899847770340609633235888383777348848799815257633697822508525947391282509901668624618165376473997820248152744443728422701903364970902524009961541207675049186734558123852364417868696115083784890023121378940435740898344500791616476694894939850619861968201483181385320667389011144592430304786050749752709602838425765719863
28178391850445347041896789780786012120845817484691462859846516081951568694818622633012544256228164863324319567814550644008362266315695594942740604804811299866877950525551962873703450381276335443616845961871399264063853591599059485149067866783494311522566692843246125127318017055229855219322604457601559393506907555321738314923763515032719415537964400995802199605198268361783286021550917231054520053
18238318993177036095691212091514742367728329470990574926516642723497544606041233831156189148387352124008176878620257921673108071630728817865005065228660736260635361556297609243738599232927265036977391259680835271496531408548670094266239303287332110790513398494862924199292986923215072057324001066702363700147508888053490593412270275284290740037877953986532277383688354287383539086228753453687
75161566317586988946488186658325406572442189985440317657426524513297823621752315194029695271234181423758330067675586683775075242664454102087315971187393024413641231455361157874117805121650168550486052319208589708312200359373931320582366396548505570671381021288188742810191539687122784929108595347131621931065270954676840530687789282948567588387428225079503817842400792510703115946043
8724082080102617235981594528376559019204015124481522385231815655391623352660803535847070321610262919354162651125669847902836405822175845150317277225252962505852690287586672758929541892499528624662041917229161013540154830453198704704170806339963380646777717464825244511156000798199254636288724480646169184182158418507052534654174181541827018229677393309278613127907777123944895652363858406899693
743883132167415846191062708685483110673946193132958993504703856390909157002363488778385158359652045769179749254483711419977456030299508452108418388050691620858668489953063732566625944757218959125154316247187634371988800269340818102066404849653322363085434394891245787291745904732318477119219055812405426066552094987556026664490651110004724020330737623734107
2841142195937128132900979809681940415345075923599478333885960353237106718319020616024192200593357361189748121690166552311591857153836508438079005642127072594980295770141680363382698905288634086038775512235355432847822332615342561170529103
813270805505231616376239149143345956342875793477682211852833418894057479145892497833322662543519059061366346296664616394434697969134509710098666102110740432362136680562666184010301718525187038146160340536116720131192036824426392231518620837729806674521898036319149087745352652774978931118373900083405890840206480842373816783561077504784495543491249085171180495941920001477465718114752033057
88016468958300117902000273715297762295788644019265886892731175180675895618987564133335423261710908041793735158515521044839029349708984421839306892690078037117437149459078559818491002195211450595606304251346989132600203158649944455642178050692410946151741475171466915410899353654942541916524630113584336569207585584366191825071085300710654356908048179947467571269966093357688266733038646647991030163139267
578420901809600191245190731128303804397058496428504903439110119020849532630018049216418467841856668962771593497499412368161019029272847744691261214005638607973617224432571407491061787329091962395459756779807743905702625537276211462308799121205399453318555109756853456339749071305667280622071702515828760331811453425111329000681466387853277780116715357137715898129
4249135314817782897364736015442227238134574226763485956669924033989999638580583651541498820137234355441605403189946879642290781236065565242979536040084645902461466403093832531098753424428773514061376144000052374760896813078524990057767945283658611279209788972451412171132443812882984652115079478250457168544856707945368273316434844291486013558140517239015695719061933703642990621306476997408950781
13281180841496760795752321524744701511857336824484781805984177728072435322061083970795266616213585055093566363970625308607634372549449225183038890657594188686178425025373165579180476269395417889068135197598276951053636763950457070463261248538857656235449184213021742516761323496210011887923874771543545995300434691844566112578653167475877744181890102413951251843689498682139974022954643158327590567
756730975930772950855144223462838595152301205615096277015968371878532510220529595868548655856194053529854443271210815129948533868879322144833873127881062506274448587926274053734649265941647867201266686480297685013378460242428031843002023918696507
961517877961971074080241577849832398046742487791438761739563625577797066234099865011136831221637672436722450921901741575341847142264447485863544010601425048371916559273059806489545282444723027466902495502183381826279245709231129466754187844480430972245100586828167207926468424808208931797068059679992983
872038172405566479603957095073497030511474394536270744923578525275748572369654454022753101026210591995013972479813896963187744615349380230406513170321601757675197891137509595808350154733081669719909438886075087693730080763815869079496448682722708676331460026393856869437936202831707323276159578441747835426695607279819309584821880105631043692916606876979488966878173279691117
498905779545936691885935801535053267530399167791722738041502372595336028245873826731595653223562081148432300391795301847176323357726579771490709136485256030044698838099093599407125357635386275701360187425493372931683797136328079690608421088907860919843225805217487463715604766929133459474651121946675850386115889061626291141918866350908375388540294807805646071
2526458532047068488023827833701499920539737029778538612738593652767344141029302083222012630016055807864003677455145219292899008748641570410443324791775730522639273218587074248159607829619607063374426757113015875101201357830115557867859507952582596916904393825014741755444363921357910465879272593337700259720982917336589826970549070575358678966917122575690537970061388709215373
1175694129720699197498769516423206323727303053083728023558908175112262845542853923029323519906956875130258218842554601147686205023502187710297671345729177515061410581728876835721317320561380013190628117103209234136894152942960120095604359480272174138424289817899897310717947349543099475064103857648381886834757909238755588229713304718048377496431859659456472914070265127698991984351841010736668461615309
140859413899853133991695240304447955466201643213899658059611605322147780375670269365908528328776817298352241909237165459528961420383171643051589716545885955833806936989441157467419933057725981061560860644171487608525895832922406982231345619887756257520577119947797308651092539496483933960878461986765449182711889591312398953271249403067605048008687096307135300965949309
210657310171496844580815101829352990326794256801248227425556156525803076693242577346566456761645728236987426248661849118214341218292390888308661766609526604213364282879385819802590798291521764670598729887742229230363977785348465602689211280078987264977435582712127237566780629068829470095176756176035179731452303123253908028797121057557194181308690533890807772796864004526270586818259566739
182727601520055146700389308617623835508989596568070221448049037864501491206110187767907348894855871497929831653778830099169568936352073665249689895350848605458943882865430946820419041983945415056678172937854650400664426668705641409691478235960975305126596355071608942486852752193036392466014951440571274872447307434076803360263109731061986954772204364290117960875656720469446470607
607965197498432762357035118615574394961607442159725715801970366798805336370987031825226110413206074076709001261523812263981426581809264849818270111346330953900843949552121806266895494792431034793104025907250535112223653796853592535029223250660821417052088486874191661872069111329083328465683460898866802541060086477663943325053352833001402453441655958689083973967
14632785044694316426463161422936556855587643001846612198715750375962673594462353435077212295097345748593185760758221574889773289083144855765410458199032104463556563005972958172254547752031901632125540083215630158534083145040142937582584406496810212791031391349142542154707112435731158908542207753370530797533820980177786555666323543605993755992276856973935237615841202243083358528996559328993354727689947
151801061218986130200426395189837302820286071976449919382650305127717596403187855981295820636171177031017679118608770003479736372151619403609877074415055768161410057945157313417511320811294394362580110641
9425138087184174555642773680604147505964260874503733717228389433679079941180121773014821067219368100949893364011874899183109818421431964141415200263237658489997718570944384284375884496515793256163815154751639328298311552662449082451884445244981304208513269060141128271606655185089259429248360581637654138106649162381163612739236683218464274434939650610340893
1460453958736318396247513217380093073235054389362459396871483462592470957445620944288180134567707434689139047885728741286267835964205337408277413750406867819441778254625939061451075200305270322127004527351572925586947404470848997674080653161658293009462821248663850285479079393804956183435401474573344180520211710084368422322298902646516368643803930942240922282054963442942624378206203
